normal t4u3 (1):
start time: 1683040827.3279443
2 [3, 1] 1683040844.239729
3 [3, 2] 1683040856.8879118
1 [2, 1] 1683040864.678085
2 [1, 1] 1683040864.7668462
3 [1, 2] 1683040875.6826634
2 [1, 3] 1683040884.673624
1 [4, 1] 1683040890.6227174
3 [4, 2] 1683040894.560192
2 [4, 3] 1683040905.288507
3 [2, 2] 1683040914.2894423
1 [3, 3] 1683040920.2415292
2 [2, 3] 1683040927.6058693
mission time: 130.96288466453552
total distance: 28361.079633072157
objectives: 249.13404980233616distance: [8543.558305561079, 10029.929759517887, 9787.591567993195]

normal t4u3 1:
start time: 1682931672.3491864
2 [3, 1] 1682931694.7337563
2 [1, 1] 1682931712.841883
3 [1, 2] 1682931713.229846
1 [1, 3] 1682931727.8117056
3 [3, 2] 1682931729.5201108
2 [4, 1] 1682931734.0960069
3 [4, 2] 1682931747.6927578
1 [3, 3] 1682931749.1964326
2 [4, 3] 1682931753.7880235
1 [2, 1] 1682931768.4002051
3 [2, 2] 1682931768.639577
2 [2, 3] 1682931775.940782
mission time: 134.1778209209442
total distance: 29955.385407689686
objectives: 258.9919267863179distance: [8885.524306065348, 10376.711493289242, 10693.149608335098]

normal t4u3 2:

normal t4u3 3:
start time: 1682932322.7280977
2 [3, 1] 1682932344.3223388
3 [3, 2] 1682932354.426687
1 [2, 1] 1682932359.0777404
2 [1, 1] 1682932362.3042738
3 [1, 2] 1682932371.192954
1 [3, 3] 1682932378.589643
2 [4, 1] 1682932383.5291164
3 [4, 2] 1682932390.4044795
1 [1, 3] 1682932399.905754
2 [4, 3] 1682932403.2458336
3 [2, 2] 1682932410.198575
2 [2, 3] 1682932425.3856568
mission time: 136.47794699668884
total distance: 29544.584126791902
objectives: 259.58038085832175distance: [9267.381669637767, 10323.331000636079, 9953.871456518058]

normal t4u3 4:

normal t4u3 5:
start time: 1682932791.4226983
2 [3, 1] 1682932814.7206154
1 [2, 1] 1682932828.5763717
2 [1, 1] 1682932832.3031876
3 [1, 2] 1682932832.4104707
3 [3, 2] 1682932848.6885238
2 [1, 3] 1682932852.2005343
1 [4, 1] 1682932854.5276184
3 [4, 2] 1682932866.8006482
2 [4, 3] 1682932872.9067295
1 [3, 3] 1682932876.8441844
3 [2, 2] 1682932887.723253
2 [2, 3] 1682932895.224633
mission time: 134.40851593017578
total distance: 29330.028035064413
objectives: 256.6169660762775distance: [8373.719559077404, 10321.039630598081, 10635.268845388928]

normal t4u3 6:
2 [3, 1] 1685893811.3690093
3 [3, 2] 1685893823.1146288
1 [3, 3] 1685893826.465164
2 [1, 1] 1685893831.942555
3 [1, 2] 1685893842.5561419
1 [1, 3] 1685893850.2864637
2 [4, 1] 1685893854.1328022
3 [4, 2] 1685893861.526072
1 [4, 3] 1685893874.1141086
2 [2, 1] 1685893876.3424673
3 [2, 2] 1685893881.4110696
1 [2, 3] 1685893899.5726297
mission time: 138.90371322631836
total distance: 27739.37511158365
objectives: 254.48444285791692distance: [9416.611046059747, 8557.477137276543, 9765.286928247362]

normal t4u3 7:
start time: 1685942447.4965098
2 [3, 1] 1685942466.3899498
3 [3, 2] 1685942476.8100665
1 [3, 3] 1685942480.5620239
2 [1, 1] 1685942487.0726023
3 [1, 2] 1685942498.0951047
1 [1, 3] 1685942504.391257
2 [4, 1] 1685942509.3629518
3 [4, 2] 1685942516.3402796
1 [4, 3] 1685942528.7101767
2 [2, 1] 1685942531.475776
3 [2, 2] 1685942536.8234665
1 [2, 3] 1685942553.9735966
mission time: 140.84213018417358
total distance: 28160.131128001187
objectives: 258.17600988417854distance: [9437.568249813965, 8726.412529392133, 9996.150348795092]

normal t7u6 1:
start time: 1682934389.4951766
6 [5, 1] 1682934408.6492941
2 [4, 1] 1682934422.2161567
5 [7, 1] 1682934423.6851087
4 [1, 1] 1682934425.8680608
6 [6, 1] 1682934432.6644468
3 [6, 2] 1682934440.5967355
2 [4, 2] 1682934443.4528346
3 [2, 1] 1682934457.1526241
6 [7, 2] 1682934460.1862526
2 [3, 1] 1682934460.4176333
1 [6, 3] 1682934460.9746509
3 [2, 2] 1682934478.2457252
2 [3, 2] 1682934480.4344556
1 [2, 3] 1682934480.6688282
5 [7, 3] 1682934483.6330142
3 [5, 2] 1682934491.9456394
5 [4, 3] 1682934492.372045
1 [5, 3] 1682934498.6453936
5 [3, 3] 1682934506.2494624
6 [1, 2] 1682934514.4379795
6 [1, 3] 1682934535.3122814
mission time: 162.40724730491638
total distance: 64111.434454318645
objectives: 295.97273575141355distance: [10001.088808122839, 11380.04549580896, 11517.364827811152, 3076.6489658146074, 15707.902437498227, 12428.38391926286]

normal t6u6 1:
start time: 1682935720.536546
5 [6, 1] 1682935736.0136049
6 [4, 1] 1682935738.4490116
4 [1, 1] 1682935750.998003
6 [2, 1] 1682935754.0900033
3 [6, 2] 1682935754.3135622
1 [3, 1] 1682935760.9010441
5 [6, 3] 1682935762.4208295
2 [5, 1] 1682935767.5025787
4 [1, 2] 1682935770.129397
6 [5, 2] 1682935773.7939873
3 [3, 2] 1682935776.905062
5 [3, 3] 1682935782.6569788
2 [2, 2] 1682935784.9944
1 [5, 3] 1682935790.1755981
6 [2, 3] 1682935793.1451283
3 [1, 3] 1682935798.0571938
2 [4, 2] 1682935800.554795
6 [4, 3] 1682935809.4125066
1 [1, 1] 1682935828.1007142
2 [1, 2] 1682935829.3242767
6 [1, 3] 1682935835.7707894
mission time: 132.008775472641
total distance: 49365.76968005879
objectives: 234.85412897276348distance: [8538.307511978144, 9711.961958010635, 7913.882920407099, 4032.0234538708078, 8951.376656135946, 10218.217179656149]

normal t6u6 2:
start time: 1683204696.4905548
5 [6, 1] 1683204712.728141
6 [4, 1] 1683204715.9076662
3 [6, 2] 1683204731.2306733
6 [2, 1] 1683204731.8879154
5 [3, 1] 1683204734.9856336
4 [3, 2] 1683204747.9659288
2 [5, 1] 1683204750.581965
6 [2, 2] 1683204752.7660952
3 [5, 2] 1683204753.7205434
1 [1, 1] 1683204760.1393824
5 [6, 3] 1683204760.658993
4 [3, 3] 1683204768.2567046
2 [5, 3] 1683204771.2776027
3 [4, 2] 1683204772.3976083
6 [2, 3] 1683204773.5774555
6 [4, 3] 1683204793.1850307
5 [1, 2] 1683204797.5094686
4 [1, 3] 1683204799.835282
mission time: 131.2421395778656
total distance: 52458.7842627645
objectives: 240.53127345862498distance: [5474.655624516559, 9340.258840241417, 9254.7476862858, 7261.999559065047, 10982.844708939077, 10144.277843716602]

normal t6u6 3:
start time: 1685683945.9858801
5 [1, 1] 1685683965.2423484
4 [1, 2] 1685683978.966621
6 [2, 1] 1685683982.3475735
5 [3, 1] 1685683989.3049548
2 [5, 1] 1685683994.9787724
3 [5, 2] 1685683996.3540912
4 [1, 3] 1685683997.7802746
6 [4, 1] 1685684003.39126
1 [6, 1] 1685684009.673448
2 [2, 2] 1685684012.7232866
6 [4, 2] 1685684023.823582
3 [3, 2] 1685684028.9827752
4 [3, 3] 1685684029.918272
2 [2, 3] 1685684033.0628572
6 [4, 3] 1685684047.6657784
3 [6, 2] 1685684055.940635
4 [6, 3] 1685684070.1027362
6 [5, 3] 1685684073.0987184
mission time: 164.04123330116272
total distance: 55373.593984511834
objectives: 279.4028874355624distance: [5492.973480788319, 10427.524242196223, 10917.386529992327, 8488.61689172733, 7367.583063986803, 12679.509775820834]

normal t6u6 4:
start time: 1685684480.365341
6 [1, 1] 1685684509.9476526
4 [1, 2] 1685684512.4020848
5 [4, 1] 1685684513.2308667
2 [6, 1] 1685684526.320837
5 [2, 1] 1685684527.4538047
4 [1, 3] 1685684532.7346737
5 [5, 1] 1685684543.0839782
3 [2, 2] 1685684545.5394068
2 [6, 2] 1685684546.0689902
6 [2, 3] 1685684550.6696777
3 [4, 2] 1685684564.6402931
5 [3, 1] 1685684564.870675
4 [3, 2] 1685684565.360365
2 [6, 3] 1685684565.9039114
6 [4, 3] 1685684571.5936842
5 [3, 3] 1685684586.366152
3 [5, 2] 1685684587.4721925
6 [5, 3] 1685684597.456475
mission time: 154.14497447013855
total distance: 59284.519997095704
objectives: 277.6543911307546distance: [5297.519419571397, 7888.8825293702375, 12179.152471811874, 8374.815172084145, 13625.272479358851, 11918.877924899203]

normal t6u6 5:
start time: 1685685436.9242918
2 [3, 1] 1685685461.770802
4 [1, 1] 1685685469.664677
6 [2, 1] 1685685471.0699162
5 [5, 1] 1685685478.287602
3 [5, 2] 1685685487.2396457
2 [1, 2] 1685685489.0278604
6 [2, 2] 1685685491.6119452
1 [6, 1] 1685685497.061362
5 [4, 1] 1685685501.037721
4 [3, 2] 1685685502.4000754
2 [1, 3] 1685685508.6712935
3 [4, 2] 1685685510.1832476
6 [2, 3] 1685685513.1154008
5 [4, 3] 1685685520.801831
2 [3, 3] 1685685535.744843
5 [5, 3] 1685685542.64039
4 [6, 2] 1685685542.936597
2 [6, 3] 1685685566.042764
mission time: 146.3424093723297
total distance: 59227.84205929892
objectives: 269.7337469958691distance: [5271.377407729581, 11347.104250996088, 11678.502665917169, 7462.899630497089, 13059.761812832856, 10408.196291326143]

normal t6u6 6:
start time: 1685685739.2468002
2 [3, 1] 1685685763.5546446
6 [1, 1] 1685685765.9781585
5 [4, 1] 1685685772.0389402
4 [1, 2] 1685685772.9864047
3 [3, 2] 1685685783.7296553
5 [2, 1] 1685685786.2389405
4 [1, 3] 1685685793.138477
6 [4, 2] 1685685799.2311723
1 [6, 1] 1685685801.0682561
2 [2, 2] 1685685804.3694217
5 [4, 3] 1685685810.3923044
3 [6, 2] 1685685810.9647717
2 [2, 3] 1685685824.3110576
6 [5, 1] 1685685827.1405108
5 [3, 3] 1685685842.5891435
6 [5, 2] 1685685849.012953
2 [5, 3] 1685685852.3819382
4 [6, 3] 1685685862.9127567
mission time: 152.00811076164246
total distance: 57384.2317820318
objectives: 271.55859364087536distance: [5255.335651504065, 11551.961888166603, 7260.667613791358, 8412.497264777128, 13253.673631899237, 11650.095731893412]

normal t6u6 7:
start time: 1685686176.6281285
6 [4, 1] 1685686196.2679904
4 [1, 1] 1685686208.7705326
6 [4, 2] 1685686216.7142746
5 [5, 1] 1685686217.875168
4 [1, 2] 1685686227.69888
3 [5, 2] 1685686229.0173507
6 [2, 1] 1685686234.7260742
1 [6, 1] 1685686237.716072
2 [4, 3] 1685686238.165869
5 [3, 1] 1685686240.4716988
6 [2, 2] 1685686255.2800703
2 [2, 3] 1685686255.9772046
4 [3, 2] 1685686259.3052993
5 [1, 3] 1685686266.834151
6 [5, 3] 1685686275.9058747
5 [3, 3] 1685686286.9742546
4 [6, 2] 1685686300.1260595
5 [6, 3] 1685686311.1425805
mission time: 148.30657243728638
total distance: 57051.3589493498
objectives: 267.1635702484318distance: [5386.67356901547, 9925.300663469301, 7864.730900079623, 8496.497992166169, 14341.17025323237, 11036.985571386864]

normal t6u6 8:
start time: 1686206954.9061544
5 [1, 1] 1686206974.0028367
6 [4, 1] 1686206974.2038064
2 [3, 1] 1686206977.7918556
3 [3, 2] 1686206986.5747173
4 [1, 2] 1686206986.902855
6 [4, 2] 1686206994.7317293
2 [1, 3] 1686207002.2284844
5 [2, 1] 1686207005.587635
6 [2, 2] 1686207012.6166205
1 [6, 1] 1686207015.7413867
3 [6, 2] 1686207017.1496809
4 [3, 3] 1686207018.4766896
5 [4, 3] 1686207021.427414
6 [2, 3] 1686207033.058793
1 [6, 3] 1686207033.7444723
2 [5, 2] 1686207040.007507
5 [5, 1] 1686207042.6237066
5 [5, 3] 1686207061.4406593
mission time: 136.20009970664978
total distance: 53065.299464281445
objectives: 246.7528069239028distance: [6655.610677440455, 9487.58366520918, 6767.097713750229, 7139.077839804159, 13167.83794049152, 9848.091627585909]

New target t5u3_5
start time: 1683013254.5334198
2 [3, 1] 1683013270.1483324
3 [3, 2] 1683013282.193156
1 [2, 1] 1683013290.8869298
2 [1, 1] 1683013290.998631
3 [1, 2] 1683013301.1076038
target [2200, 2700] found by UAV1: 54.27459669113159 sec
2 [4, 1] 1683013311.932662
3 [4, 2] 1683013319.9133384
1 [1, 3] 1683013329.2204425
2 [4, 3] 1683013331.63701
3 [2, 2] 1683013339.8071666
1 [5, 1] 1683013359.8684647
2 [5, 2] 1683013366.9613438
1 [5, 3] 1683013378.3563633
2 [2, 3] 1683013390.7013552
1 [3, 3] 1683013395.207308
mission time: 175.32923316955566
total distance: 34705.32468605385
objectives: 319.93475269478006distance: [11965.659118007183, 12997.435731911788, 9742.229836134884]


DDTA t8u6_1
start time: 1683213878.8445475
target [3750, 3000] found by UAV6: 14.186071634292603 sec
6 [4, 1] 1683213902.4743698
4 [1, 1] 1683213909.053779
1 [3, 1] 1683213918.724922
5 [2, 1] 1683213922.2644587
6 [2, 2] 1683213924.711915
3 [1, 2] 1683213929.1849563
2 [4, 2] 1683213937.2085037
6 [5, 1] 1683213942.8643825
4 [3, 2] 1683213942.9810703
UAV 4 failure --- 70.02976727485657
3 [7, 2] 1683213950.6764975
5 [7, 1] 1683213950.7822149
1 [6, 1] 1683213951.189125
2 [7, 3] 1683213958.5713875
6 [6, 2] 1683213969.694649
5 [4, 3] 1683213975.0493326
3 [5, 2] 1683213976.2561057
2 [2, 3] 1683213981.4083307
5 [1, 3] 1683213997.398579
2 [5, 3] 1683213998.809806
target [1400, 4200] found by UAV2: 132.20154333114624 sec
5 [3, 3] 1683214016.490568
2 [6, 3] 1683214035.8657649
5 [8, 1] 1683214039.293568
2 [8, 2] 1683214048.0631602
5 [8, 3] 1683214058.2641785
mission time: 195.54985237121582
total distance: 65032.36278059752
objectives: 331.03394149746066distance: [6555.359552342543, 14857.47470941846, 11754.871351890357, 4035.372116471925, 19145.64349638043, 8683.64155409381]

DDTA t8u6_2
start time: 1683470265.8119428
target [3500, 3000] found by UAV6: 13.103961944580078 sec
2 [3, 1] 1683470288.3756137
3 [3, 2] 1683470297.1202347
5 [1, 1] 1683470298.6611133
4 [1, 2] 1683470298.7588515
6 [5, 1] 1683470301.1883569
2 [7, 1] 1683470311.1227953
3 [5, 2] 1683470320.190552
6 [2, 1] 1683470321.9189308
5 [4, 1] 1683470322.6140726
4 [7, 2] 1683470325.0535517
2 [4, 2] 1683470329.1196787
1 [6, 1] 1683470331.4444633
UAV 4 failure --- 70.08464622497559
6 [2, 2] 1683470342.552764
2 [4, 3] 1683470349.0404189
5 [1, 3] 1683470352.8971095
6 [5, 3] 1683470360.509784
3 [6, 2] 1683470362.2271621
2 [2, 3] 1683470367.9099686
target [1400, 4600] found by UAV6: 104.52556824684143 sec
5 [3, 3] 1683470372.8377936
2 [8, 2] 1683470399.1564279
6 [8, 1] 1683470400.592589
5 [7, 3] 1683470402.2930417
6 [6, 3] 1683470421.5355954
5 [8, 3] 1683470428.9916604
mission time: 177.7198429107666
total distance: 62376.5199402867
objectives: 307.67092611969724distance: [6027.831693377727, 11741.38553172396, 9824.019565377943, 3975.6500965836176, 17249.456614217623, 13558.17643900584]

DDTA t8u6_3
start time: 1683470816.7307475
6 [4, 1] 1683470834.7784936
target [3500, 3000] found by UAV5: 21.112552404403687 sec
2 [3, 1] 1683470842.7531724
4 [1, 1] 1683470846.9838634
3 [3, 2] 1683470847.6620486
6 [7, 1] 1683470862.838613
2 [1, 2] 1683470866.9236927
1 [6, 1] 1683470876.8351915
5 [5, 1] 1683470877.0605888
3 [4, 2] 1683470883.562206
6 [7, 2] 1683470884.0858064
4 [4, 3] 1683470884.2124674
UAV 4 failure --- 70.02591800689697
2 [1, 3] 1683470888.4870393
5 [2, 1] 1683470891.1828337
3 [2, 2] 1683470900.1030083
6 [7, 3] 1683470907.9111063
target [1400, 4600] found by UAV5: 94.19131112098694 sec
2 [3, 3] 1683470912.3791614
3 [5, 2] 1683470916.1381106
6 [5, 3] 1683470925.8950546
2 [6, 2] 1683470943.207737
5 [6, 3] 1683470949.067072
6 [2, 3] 1683470954.3579257
2 [8, 1] 1683470963.431666
2 [8, 2] 1683470983.4192379
6 [8, 3] 1683470988.2692904
mission time: 189.79277658462524
total distance: 64777.422540792366
objectives: 324.74574021127603distance: [5450.224876895002, 14460.218958398591, 11614.654471186106, 4036.1713110419455, 14369.359346630617, 14846.793576640095]

DDTA t8u6_4_400m
start time: 1683526319.165202
2 [3, 1] 1683526343.5609393
3 [3, 2] 1683526351.144663
5 [4, 1] 1683526356.0565324
6 [1, 1] 1683526362.1971128
2 [5, 1] 1683526368.7256587
3 [1, 2] 1683526372.6611362
4 [3, 3] 1683526373.835995
target [3500, 3000] found by UAV6: 57.351627349853516 sec
5 [1, 3] 1683526378.4845665
1 [6, 1] 1683526383.9200337
2 [5, 2] 1683526388.6314378
UAV 4 failure --- 70.01077961921692
3 [4, 2] 1683526398.3135514
6 [2, 1] 1683526401.561867
5 [4, 3] 1683526403.9774082
2 [5, 3] 1683526409.0209243
3 [2, 2] 1683526414.2938287
5 [2, 3] 1683526418.3360193
target [1400, 4600] found by UAV6: 110.5394229888916 sec
5 [7, 1] 1683526444.1809201
2 [6, 2] 1683526444.7574115
3 [7, 2] 1683526446.7989514
6 [8, 1] 1683526456.4959948
5 [7, 3] 1683526463.2060947
2 [6, 3] 1683526464.5564444
6 [8, 2] 1683526477.2455184
5 [8, 3] 1683526489.81195
mission time: 185.16492223739624
total distance: 69310.25984109286
objectives: 329.5612969063397distance: [5967.134230420557, 12595.681027379174, 15126.056787461435, 3929.0784950977018, 17929.81851362639, 13762.490787107596]

New target t5u3_6_400m
start time: 1683531330.4552152
2 [3, 1] 1683531346.1412125
3 [3, 2] 1683531358.1650941
1 [3, 3] 1683531361.3026748
2 [1, 1] 1683531367.0443258
target [2500, 2850] found by UAV2: 41.95180153846741 sec
3 [1, 2] 1683531377.143324
1 [1, 3] 1683531384.8547375
2 [4, 1] 1683531388.4600968
3 [4, 2] 1683531395.9211195
2 [2, 1] 1683531411.0719492
1 [5, 1] 1683531419.2799845
3 [5, 2] 1683531423.4852417
2 [2, 2] 1683531431.3498232
3 [4, 3] 1683531435.9004881
1 [5, 3] 1683531437.2449756
3 [2, 3] 1683531455.6221511
mission time: 162.3991310596466
total distance: 34534.23955621293
objectives: 306.29179587720046distance: [11048.020424760354, 10179.707664568881, 13306.511466883698]

New target t5u3_5_400
start time: 1686121293.829238
2 [3, 1] 1686121311.4031842
3 [3, 2] 1686121323.2736492
1 [2, 1] 1686121331.8811889
2 [1, 1] 1686121332.3063207
target [2500, 2850] found by UAV2: 42.32920169830322 sec
3 [1, 2] 1686121342.3489823
2 [4, 1] 1686121355.0477464
3 [4, 2] 1686121361.0361948
1 [5, 1] 1686121368.4468548
2 [5, 2] 1686121372.0124273
2 [1, 3] 1686121380.2304263
3 [2, 2] 1686121380.919971
1 [4, 3] 1686121390.5856242
2 [5, 3] 1686121402.9943306
3 end 1686121412.0985036
1 [2, 3] 1686121415.841096
2 [3, 3] 1686121420.932951
mission time: 156.84857726097107
total distance: 32526.686166653803
objectives: 292.37643628869523distance: [10586.937760015135, 12100.409756113155, 9839.33865052551]
1 end 1686121454.5954316
2 end 1686121454.9315662

New target t5u3_6_400
start time: 1686126682.536743
2 [3, 1] 1686126699.3602567
3 [3, 2] 1686126711.3032968
1 [2, 1] 1686126720.1197033
2 [1, 1] 1686126720.3121877
target [2500, 2850] found by UAV2: 41.72889256477356 sec
3 [1, 2] 1686126730.3393557
2 [4, 1] 1686126741.2471654
3 [4, 2] 1686126749.0722246
1 [5, 1] 1686126749.843162
2 [5, 2] 1686126766.3250558
1 [5, 3] 1686126768.5660582
3 [2, 2] 1686126768.9909215
2 [4, 3] 1686126779.6543849
1 [1, 3] 1686126779.805981
3 end 1686126800.0099144
2 [2, 3] 1686126802.0454652
1 [3, 3] 1686126803.6122737
2 end 1686126836.3795848
mission time: 154.99080061912537
total distance: 31989.33873231682
objectives: 288.2797120037788distance: [10500.162881294647, 11656.951547070665, 9832.22430395151]
1 end 1686126841.8769047

DDTA t8u6_5_400m
start time: 1686319321.7470512
2 [3, 1] 1686319345.495499
6 [1, 1] 1686319347.6646943
4 [1, 2] 1686319354.3617723
5 [4, 1] 1686319354.8504648
3 [3, 2] 1686319358.4009635
2 [5, 1] 1686319370.7110202
target [3500, 3000] found by UAV4: 49.607248067855835 sec
6 [3, 3] 1686319371.565734
5 [1, 3] 1686319379.4735715
1 [6, 1] 1686319383.4738667
2 [2, 1] 1686319389.5665624
UAV 4 failure --- 70.07946276664734
3 [4, 2] 1686319394.3178475
6 [6, 2] 1686319401.7609296
1 [6, 3] 1686319402.010264
5 [4, 3] 1686319404.1864386
2 [5, 3] 1686319409.000556
3 [2, 2] 1686319410.5504084
5 [2, 3] 1686319418.4871695
target [1400, 4600] found by UAV2: 101.75170660018921 sec
5 [7, 1] 1686319443.2060199
2 [8, 1] 1686319450.6151927
3 [7, 2] 1686319456.380764
5 [7, 3] 1686319464.2197855
3 [5, 2] 1686319469.7689362
2 [8, 2] 1686319470.6266408
5 [5, 3] 1686319475.895541
5 [8, 3] 1686319491.5307004
mission time: 183.8569884300232
total distance: 64639.98759214238
objectives: 318.5236292469865distance: [6677.451931464819, 12949.251453541341, 15868.301131519549, 3931.058985930597, 17797.486118490317, 7416.437971195755]

